3 0 3 3
2
mean
2
relu
relu
relu
relu
relu
relu
relu
relu
sigmoid
4 4
0.4349814 -0.2247138 -0.01319015 -0.33084065 
0.21177536 0.40373498 -0.09314591 -0.48710892 
0.98304236 0.37901816 -0.29150748 -0.31575757 
-0.30601174 0.51533335 -0.083211064 0.55313087 
4
-1.186999 -1.1038159 0.0 -1.2220817 
4 2
0.20374717 -0.40781975 
0.9836938 0.3979765 
-0.39023304 -0.19494772 
0.45751658 0.18899228 
2
-1.0313107 -1.0348873 
2 2
-0.2198394 0.5236573 
0.7485043 2.1591783 
2
0.02540831 -0.94989794 
4 4
-0.52895117 -0.09177512 -0.5281889 0.51514286 
0.7234054 0.69928175 -0.34466738 -0.102146864 
0.62205976 -0.55434287 -0.05326289 -0.8585809 
0.40852517 0.39035314 -0.16109937 0.8365963 
4
0.0 0.0 0.0 0.0 
4 2
-0.15167093 -0.5369365 
0.53448176 -0.846627 
-0.7507827 0.4734547 
-0.6200688 -0.5706816 
2
0.0 0.0 
2 2
-0.6542029 -0.87416947 
-0.020334959 0.18977821 
2
0.0 0.0 
2 2
-0.32173008 -0.93570113 
-0.84591067 2.1852171 
2
0.0 -0.76667297 
2 2
0.30373025 0.9004873 
1.8120655 1.9477692 
2
-0.79311323 -0.5727227 
2 1
1.3679663 
1.5359504 
1
-8.12688 
